0.000000
0.000000
0.000000
0.000000
0.000000
0.000000
0.000000
0.000000
0.000000
0.000000
0.000000
0.000000
0.000000
0.000000
0.000000
0.000000
0.000000
0.000000
0.000000
0.000000
0.000000
0.000000
0.000000
0.000000
0.000000
0.000000
0.000000
0.000000
0.000061
0.000000
0.000000
0.000244
0.000061
0.000122
0.000427
0.000000
0.000366
0.000305
0.000000
0.029358
0.008972
0.033569
0.003662
0.084534
0.183594
0.083252
0.154480
0.025085
0.165527
0.050293
0.120178
0.180969
0.139526
0.041565
0.002502
0.117798
0.401794
0.213684
0.000061
0.008850
0.121826
0.364075
0.208374
0.033264
0.035522
0.000732
0.449585
0.098022
0.003052
0.094543
0.097961
0.355896
0.402588
0.088928
0.021423
0.044678
0.254211
0.448792
0.216980
0.031372
0.008606
0.239502
0.337585
0.309998
0.048462
0.138062
0.020813
0.156067
0.001099
0.155518
0.005798
0.009033
0.073975
0.002380
0.218567
0.007935
0.003296
0.065552
0.092468
0.053467
0.023071
0.000305
0.015930
0.000000
0.005676
0.065796
0.000854
0.004028
0.028198
0.015625
0.003418
0.167603
0.008179
0.038513
0.058777
0.062866
0.180786
0.195068
0.000977
0.002869
0.065674
0.176453
0.176208
0.011658
0.020691
0.040466
0.078796
0.000916
0.134460
0.092041
0.011475
0.000977
0.162659
0.019287
0.005737
0.007874
0.071106
0.031799
0.037537
0.022400
0.092041
0.035767
0.004700
0.019958
0.082397
0.160400
0.199768
0.042908
0.002869
0.093689
0.253662
0.235474
0.000793
0.030640
0.138977
0.234497
0.036743
0.007080
0.095398
0.106934
0.176758
0.075928
0.008057
0.004211
0.006409
0.130371
0.007935
0.003662
0.000793
0.054382
0.141113
0.021912
0.015076
0.031677
0.133423
0.105591
0.032227
0.059753
0.100647
0.022095
0.010071
0.018982
0.054321
0.016052
0.015747
0.149170
0.061157
0.095703
0.002258
0.333008
0.306702
0.088745
0.136536
0.057800
0.355225
0.053101
0.220886
0.001709
0.000000
0.195496
0.011536
0.038452
0.000793
0.000122
0.070251
0.000122
0.084778
0.055298
0.000000
0.010803
0.030945
0.200134
0.003052
0.015503
0.018982
0.027039
0.067200
0.016479
0.080627
0.003479
0.000244
0.009216
0.030640
0.011536
0.068115
0.015259
0.007141
0.001038
0.023499
0.000305
0.003723
0.003784
0.003784
0.140259
0.025085
0.000122
0.012085
0.120544
0.000000
0.003845
0.000061
0.008057
0.030334
0.010376
0.142456
0.052734
0.087280
0.087158
0.005676
0.451050
0.020996
0.000427
0.145081
0.223816
0.167725
0.347107
0.005249
0.009583
0.006165
0.146057
0.167542
0.163513
0.044495
0.024902
0.021667
0.224060
0.036743
0.001404
0.003357
0.042847
0.017883
0.023071
0.000610
0.014343
0.085632
0.000061
0.001892
0.021790
0.268738
0.041138
0.002136
0.024109
0.245911
0.044312
0.150635
0.000854
0.032410
0.107300
0.124268
0.115234
0.043274
0.001282
0.003357
0.157715
0.000000
0.054260
0.006714
0.014404
0.275574
0.000977
0.010742
0.044189
0.135986
0.234497
0.031738
0.082031
0.094666
0.122864
0.317505
0.003296
0.039001
0.000000
0.000000
0.076111
0.027588
0.092896
0.030396
0.021301
0.077576
0.218994
0.175049
0.001404
0.022766
0.023804
0.365112
0.257446
0.000366
0.000000
0.190430
0.254517
0.288330
0.000122
0.078979
0.005005
0.162720
0.045837
0.119080
0.000000
0.050171
0.040588
0.186951
0.078735
0.142395
0.049683
0.015198
0.094666
0.125977
0.136353
0.040161
0.000793
0.097107
0.006592
0.059692
0.079529
0.012024
0.002075
0.096924
0.077698
0.001709
0.027405
0.192993
0.017822
0.100952
0.003296
0.206665
0.160522
0.047607
0.010986
0.015930
0.340637
0.001160
0.012878
0.096924
0.113831
0.042236
0.097717
0.090088
0.020386
0.000000
0.085266
0.029114
0.007324
0.014771
0.089355
0.006287
0.070129
0.000916
0.130249
0.030151
0.065186
0.071777
0.044922
0.070374
0.075684
0.266174
0.184448
0.018738
0.004272
0.101746
0.124756
0.045837
0.010010
0.058167
0.006714
0.001099
0.184753
0.101746
0.013611
0.126648
0.154785
0.000549
0.019043
0.046631
0.000000
0.001892
0.106812
0.035034
0.046204
0.102783
0.016357
0.007935
0.095032
0.083496
0.009521
0.080383
0.044617
0.033752
0.041809
0.042358
0.163330
0.087891
0.017517
0.007568
0.098938
0.016113
0.034485
0.023438
0.010498
0.003174
0.000000
0.010864
0.013000
0.150024
0.028870
0.131592
0.008057
0.249512
0.191162
0.308105
0.099487
0.104187
0.088013
0.174744
0.178650
0.107422
0.015869
0.000000
0.004883
0.008301
0.002136
0.020630
0.006226
0.025330
0.028320
0.073914
0.000183
0.000366
0.006409
0.205505
0.021057
0.131714
0.027771
0.173096
0.014343
0.056641
0.051636
0.046692
0.125916
0.060059
0.044617
0.011230
0.089355
0.284363
0.012634
0.000366
0.007324
0.196350
0.000916
0.024841
0.008667
0.053711
0.015076
0.002075
0.005188
0.010742
0.019714
0.125122
0.002747
0.094421
0.022583
0.000000
0.048279
0.056458
0.062317
0.063293
0.020508
0.000488
0.166931
0.067200
0.282410
0.028442
0.019531
0.003357
0.126221
0.002075
0.000244
0.052490
0.000061
0.000732
0.000854
0.002075
0.055908
0.021301
0.001892
0.135498
0.020996
0.000000
0.005859
0.077148
0.001038
0.004456
0.001099
0.037659
0.001221
0.016479
0.001221
0.002625
0.000549
0.000610
0.004089
0.042175
0.008179
0.081726
0.000000
0.003174
0.060425
0.012268
0.173218
0.158386
0.001099
0.002319
0.001709
0.329163
0.004456
0.000061
0.064392
0.076965
0.221497
0.140625
0.008972
0.033691
0.252502
0.100586
0.114990
0.032227
0.198975
0.016296
0.120239
0.049866
0.140137
0.003784
0.000061
0.001587
0.045532
0.210205
0.029114
0.021667
0.000000
0.222595
0.027222
0.005188
0.010193
0.007080
0.290344
0.043823
0.102905
0.006714
0.077393
0.167969
0.182251
0.001709
0.000610
0.039917
0.144714
0.095154
0.000305
0.002319
0.004700
0.026611
0.000732
0.051758
0.024536
0.006592
0.000183
0.000000
0.030090
0.000549
0.000061
0.017090
0.000000
0.023193
0.015442
0.061584
0.053894
0.001221
0.000366
0.096619
0.045959
0.042786
0.035034
0.003662
0.003601
0.149719
0.075134
0.098328
0.046997
0.002319
0.203918
0.009766
0.028931
0.028137
0.059753
0.035278
0.027161
0.001709
0.003540
0.004456
0.069519
0.053650
0.001892
0.036865
0.000366
0.129150
0.034973
0.129272
0.058960
0.036011
0.167419
0.032715
0.151062
0.001892
0.384155
0.105347
0.036133
0.072021
0.157288
0.379822
0.075867
0.090088
0.004456
0.162964
0.254700
0.009216
0.088379
0.053406
0.058960
0.147522
0.188354
0.038391
0.019348
0.327759
0.108887
0.011169
0.006348
0.364990
0.015259
0.031250
0.002319
0.151917
0.475159
0.030762
0.041199
0.005371
0.462769
0.111938
0.131897
0.014893
0.120178
0.022583
0.015930
0.009644
0.050537
0.009216
0.055115
0.086975
0.053711
0.058594
0.143372
0.046082
0.081055
0.212036
0.015320
0.039612
0.028625
0.211548
0.023865
0.000183
0.019287
0.000122
0.107971
0.000244
0.019409
0.040710
0.054810
0.047363
0.004883
0.014038
0.076599
0.069763
0.172791
0.002686
0.142822
0.000916
0.196777
0.011292
0.024170
0.012146
0.111023
0.001648
0.043884
0.029724
0.168091
0.115479
0.030090
0.245667
0.131653
0.168457
0.009094
0.057068
0.079651
0.173889
0.040527
0.004578
0.000000
0.259338
0.000305
0.003235
0.012634
0.089905
0.029114
0.000183
0.001343
0.041870
0.000793
0.010803
0.014099
0.094360
0.030273
0.186584
0.024902
0.124451
0.088623
0.274536
0.066772
0.035217
0.000305
0.043884
0.007080
0.000000
0.002075
0.028442
0.131653
0.045471
0.128174
0.109497
0.282227
0.028076
0.087280
0.009644
0.159180
0.136658
0.033386
0.034851
0.017395
0.178711
0.143677
0.015137
0.068054
0.009583
0.154419
0.041382
0.011780
0.001221
0.020142
0.011230
0.000549
0.002991
0.057617
0.044861
0.009949
0.105469
0.000549
0.152222
0.000000
0.103760
0.055237
0.021851
0.002014
0.001282
0.092163
0.080505
0.002197
0.030945
0.045166
0.039734
0.005981
0.001038
0.120911
0.000305
0.054688
0.090027
0.014038
0.070129
0.092590
0.052307
0.068237
0.140930
0.005798
0.007019
0.063599
0.055176
0.008911
0.023132
0.000977
0.189636
0.004028
0.000000
0.003845
0.088806
0.182312
0.013672
0.000000
0.002075
0.006836
0.263367
0.008606
0.008179
0.093750
0.219238
0.026367
0.000000
0.014832
0.012939
0.063599
0.002930
0.007141
0.098572
0.089966
0.027405
0.013000
0.080383
0.013367
0.039429
0.053040
0.000549
0.000732
0.001770
0.055664
0.000000
0.013794
0.009460
0.058472
0.018494
0.202209
0.268250
0.024719
0.042480
0.047119
0.221741
0.204163
0.000122
0.019836
0.020142
0.128357
0.001953
0.007629
0.004150
0.065430
0.000793
0.011353
0.087952
0.209778
0.000488
0.001953
0.016541
0.488464
0.216614
0.011658
0.005188
0.030457
0.266724
0.022522
0.020081
0.026550
0.000610
0.061096
0.000854
0.096313
0.004700
0.001221
0.001587
0.182312
0.101135
0.004333
0.083191
0.049927
0.022888
0.197327
0.005981
0.012024
0.054932
0.006409
0.209045
0.000000
0.003052
0.124390
0.137573
0.256042
0.092957
0.001770
0.007874
0.113098
0.000122
0.000427
0.025513
0.073975
0.044922
0.042908
0.000244
0.133606
0.016357
0.028442
0.014343
0.202942
0.296936
0.087158
0.051392
0.078125
0.097473
0.112976
0.008728
0.058411
0.002991
0.045593
0.014465
0.209961
0.010193
0.058960
0.019226
0.057129
0.092590
0.012390
0.000244
0.036987
0.000732
0.001282
0.222046
0.055603
0.037781
0.079224
0.133423
0.146423
0.171631
0.060547
0.003601
0.023132
0.027039
0.002991
0.050781
0.005920
0.000183
0.052063
0.136169
0.185913
0.053589
0.002930
0.001526
0.033142
0.034607
0.026794
0.000610
0.026917
0.030151
0.005676
0.099731
0.077576
0.127258
0.002563
0.003845
0.186951
0.084595
0.023499
0.029175
0.000977
0.112183
0.000000
0.032776
0.019104
0.097534
0.000732
0.089783
0.000000
0.000427
0.020508
0.003418
0.008118
0.000854
0.006287
0.017700
0.012634
0.061035
0.074829
0.164795
0.042297
0.088440
0.044067
0.259827
0.022339
0.047363
0.007874
0.078430
0.156189
0.000000
0.025635
0.000000
0.215393
0.000793
0.017090
0.034424
0.028564
0.101807
0.001038
0.049500
0.044617
0.214172
0.106689
0.000366
0.027161
0.124939
0.019592
0.002197
0.010864
0.001160
0.187622
0.019531
0.021362
0.001282
0.064148
0.073853
0.002563
0.014465
0.042480
0.115601
0.002441
0.077454
0.084900
0.062195
0.013306
0.027344
0.104797
0.002258
0.000000
0.005493
0.087463
0.169373
0.008484
0.033997
0.000244
0.175781
0.284546
0.013184
0.005920
0.031250
0.260010
0.004089
0.010864
0.124695
0.028564
0.007080
0.020020
0.060364
0.087585
0.169312
0.028809
0.081055
0.022156
0.196228
0.031860
0.077209
0.075928
0.007263
0.127502
0.005127
0.092407
0.000000
0.026062
0.016663
0.175842
0.049255
0.016968
0.036255
0.007141
0.203918
0.022766
0.001587
0.051880
0.004395
0.067993
0.019409
0.003357
0.040649
0.000244
0.001038
0.037598
0.000244
0.058655
0.033203
0.050171
0.000122
0.139587
0.094421
0.050476
0.002380
0.000427
0.000000
0.005371
0.083435
0.088562
0.001404
0.002686
0.166870
0.384033
0.345703
0.005493
0.037903
0.043396
0.321228
0.109009
0.017090
0.016663
0.000000
0.096741
0.167053
0.161194
0.024170
0.013123
0.094238
0.189697
0.173889
0.005798
0.014771
0.053650
0.003845
0.071228
0.096069
0.051697
0.014893
0.002869
0.315125
0.002441
0.007751
0.055115
0.005859
0.047241
0.012817
0.010864
0.001526
0.001587
0.028198
0.007507
0.011658
0.040649
0.000183
0.003174
0.008972
0.037415
0.067566
0.019714
0.053284
0.016602
0.023743
0.140137
0.224609
0.005310
0.014526
0.003540
0.110229
0.126709
0.009949
0.060425
0.000061
0.085938
0.147278
0.002930
0.001709
0.013550
0.233704
0.020203
0.067444
0.066040
0.043823
0.090698
0.210999
0.003235
0.000671
0.005005
0.070129
0.002014
0.000366
0.068420
0.032349
0.001648
0.025940
0.056396
0.134094
0.009338
0.017883
0.061462
0.181030
0.171082
0.000000
0.000977
0.037903
0.014465
0.049988
0.018127
0.033875
0.022522
0.015137
0.008179
0.005859
0.010437
0.004700
0.002197
0.001587
0.003540
0.009094
0.003174
0.007874
0.110657
0.000488
0.000000
0.000061
0.157715
0.008240
0.004578
0.001099
0.110229
0.011658
0.004211
0.010742
0.116577
0.007629
0.002563
0.051697
0.005920
0.008240
0.024353
0.078857
0.009216
0.030884
0.211609
0.005371
0.071472
0.000488
0.011353
0.328064
0.001770
0.057007
0.035156
0.095032
0.229492
0.323975
0.007263
0.032776
0.000610
0.262512
0.096191
0.000183
0.002625
0.010071
0.210083
0.020935
0.016846
0.036865
0.037964
0.078979
0.088257
0.006653
0.024109
0.097534
0.148376
0.025452
0.004883
0.014648
0.164063
0.000305
0.000000
0.007568
0.005798
0.080627
0.001770
0.143738
0.014893
0.006287
0.004517
0.049377
0.233521
0.002563
0.014954
0.017334
0.109375
0.000427
0.076904
0.017944
0.000000
0.000000
0.035522
0.278320
0.002808
0.018616
0.023621
0.136353
0.002747
0.038696
0.001526
0.000366
0.001282
0.017944
0.065063
0.013306
0.011108
0.002502
0.014832
0.000977
0.043701
0.006409
0.034729
0.016541
0.031494
0.062988
0.000183
0.004089
0.091187
0.232666
0.000916
0.094360
0.001343
0.169739
0.007813
0.043091
0.048340
0.004578
0.003906
0.002686
0.102905
0.128357
0.004211
0.015015
0.113647
0.158264
0.275635
0.000671
0.087036
0.066895
0.238159
0.059509
0.027100
0.062378
0.193237
0.165466
0.002136
0.004395
0.109192
0.237610
0.063904
0.015198
0.028564
0.074158
0.298584
0.000000
0.010010
0.028137
0.195984
0.000671
0.065918
0.046753
0.112549
0.022034
0.108032
0.004333
0.046204
0.022034
0.003479
0.019531
0.002014
0.036682
0.013977
0.005798
0.068481
0.000122
0.007385
0.028442
0.135986
0.000366
0.000977
0.018188
0.004150
0.160339
0.060974
0.128296
0.036743
0.125793
0.000061
0.143188
0.005371
0.000671
0.114807
0.339417
0.179810
0.037598
0.009705
0.165894
0.297058
0.001038
0.009766
0.023987
0.132935
0.026917
0.074524
0.007080
0.012817
0.157776
0.049438
0.192871
0.117554
0.045654
0.002747
0.108826
0.000488
0.009827
0.016663
0.237732
0.177612
0.050720
0.006531
0.128662
0.088623
0.117554
0.044739
0.004944
0.004578
0.103210
0.124207
0.037964
0.072693
0.000671
0.479431
0.001709
0.101868
0.005737
0.272522
0.172913
0.082153
0.005005
0.008789
0.161865
0.107300
0.112549
0.013672
0.033386
0.163208
0.250244
0.010437
0.000122
0.053528
0.159241
0.088928
0.084351
0.087402
0.033569
0.009216
0.044495
0.054871
0.032837
0.010864
0.000000
0.000427
0.001038
0.263916
0.020691
0.003113
0.110229
0.136047
0.041199
0.000427
0.111450
0.012268
0.190552
0.024719
0.001648
0.011230
0.136475
0.059326
0.000732
0.018494
0.048584
0.060852
0.001648
0.000366
0.152527
0.095398
0.079773
0.030640
0.382019
0.153992
0.016907
0.002136
0.137085
0.185974
0.001038
0.029053
0.061340
0.196411
0.036133
0.127869
0.022644
0.003357
0.082520
0.406006
0.114014
0.001770
0.002563
0.125122
0.102600
0.024231
0.001770
0.034912
0.004578
0.067078
0.008545
0.125610
0.000610
0.023315
0.033020
0.067322
0.036987
0.039246
0.028137
0.011719
0.006226
0.000000
0.173462
0.020081
0.054443
0.001770
0.180298
0.054688
0.025574
0.121033
0.016113
0.075500
0.000793
0.047729
0.012817
0.004028
0.006226
0.059753
0.012085
0.024231
0.003235
0.065796
0.017639
0.007019
0.005127
0.120483
0.005798
0.002319
0.029663
0.016724
0.057617
0.009705
0.134094
0.000061
0.162659
0.031189
0.091858
0.001282
0.048462
0.050903
0.061646
0.000488
0.000061
0.001404
0.013611
0.048157
0.001953
0.000854
0.010986
0.010132
0.014343
0.005249
0.001404
0.003540
0.000122
0.128174
0.025452
0.027283
0.080444
0.219971
0.041199
0.204651
0.113708
0.071411
0.092224
0.336182
0.004089
0.030884
0.058350
0.284851
0.082458
0.195496
0.005737
0.042786
0.033203
0.230225
0.000549
0.002197
0.092834
0.052063
0.131470
0.011108
0.018005
0.110840
0.019653
0.208984
0.084351
0.170044
0.026672
0.029419
0.014954
0.091492
0.199280
0.000061
0.025940
0.019226
0.213806
0.161926
0.018127
0.013855
0.019409
0.057251
0.003784
0.052185
0.054504
0.002258
0.024780
0.033691
0.038940
0.020203
0.150391
0.000916
0.007874
0.010620
0.051086
0.059082
0.013855
0.029541
0.021545
0.079956
0.026367
0.219482
0.000244
0.028564
0.023376
0.000183
0.143250
0.001709
0.015808
0.000122
0.026062
0.002136
0.003357
0.055725
0.001770
0.014282
0.103882
0.078125
0.099976
0.024170
0.194458
0.009216
0.048828
0.047668
0.008301
0.156128
0.082764
0.000549
0.175903
0.087402
0.054443
0.009827
0.224426
0.001770
0.035095
0.057800
0.021484
0.021362
0.003784
0.061218
0.088562
0.049561
0.004822
0.000244
0.000000
0.070313
0.000061
0.046265
0.093323
0.015259
0.000000
0.001404
0.014343
0.015869
0.091492
0.011597
0.161804
0.003540
0.034424
0.006653
0.268799
0.062683
0.000061
0.000000
0.108337
0.293945
0.051208
0.066895
0.002136
0.156006
0.011719
0.064087
0.001770
0.085815
0.000610
0.041626
0.015930
0.002441
0.037048
0.048035
0.015991
0.041077
0.045349
0.033386
0.051514
0.001343
0.005371
0.009888
0.092651
0.079956
0.024414
0.000671
0.085022
0.042603
0.028259
0.011963
0.001099
0.131042
0.024780
0.023010
0.035950
0.013123
0.051575
0.001282
0.102234
0.069641
0.026794
0.000061
0.026917
0.046326
0.068726
0.205139
0.125549
0.066772
0.034424
0.184631
0.121277
0.159668
0.017456
0.002808
0.068848
0.101318
0.319885
0.002563
0.037598
0.021851
0.193359
0.044617
0.030762
0.033203
0.008789
0.043213
0.017822
0.001526
0.039001
0.122070
0.010315
0.000732
0.000610
0.141907
0.273682
0.068359
0.016357
0.018188
0.207764
0.330811
0.287109
0.026428
0.002075
0.123718
0.237488
0.427368
0.093140
0.029053
0.018738
0.122314
0.061218
0.109314
0.025024
0.018982
0.008789
0.028442
0.161865
0.008057
0.025391
0.005493
0.209900
0.004456
0.105225
0.053040
0.115723
0.018250
0.021667
0.027039
0.107056
0.006897
0.019226
0.000000
0.001099
0.033142
0.071045
0.018005
0.001892
0.001038
0.037354
0.115479
0.001709
0.031738
0.056885
0.077026
0.001892
0.147095
0.023132
0.017029
0.004517
0.108276
0.146362
0.048096
0.015625
0.005615
0.000793
0.230286
0.039612
0.000000
0.060425
0.218689
0.152527
0.066467
0.024963
0.041016
0.110046
0.147583
0.126038
0.003784
0.001160
0.001587
0.352234
0.111084
0.000061
0.005981
0.119446
0.249573
0.000244
0.016357
0.104187
0.048035
0.000610
0.111877
0.040100
0.038330
0.002197
0.177063
0.121338
0.047852
0.004578
0.000000
0.069763
0.242188
0.000061
0.000793
0.007935
0.204590
0.004517
0.000061
0.000000
0.045898
0.068359
0.000732
0.007385
0.004028
0.117249
0.001404
0.000305
0.017822
0.029541
0.121521
0.000000
0.072693
0.051575
0.018555
0.042236
0.004456
0.104309
0.000061
0.002869
0.023315
0.000427
0.213196
0.000610
0.001587
0.037598
0.263611
0.004700
0.002258
0.080627
0.268982
0.024109
0.021667
0.006775
0.083130
0.086182
0.008423
0.001038
0.008057
0.008545
0.044800
0.010193
0.076172
0.002991
0.035095
0.000916
0.238403
0.109131
0.000000
0.106262
0.088928
0.083801
0.111206
0.003662
0.021423
0.059875
0.007141
0.069519
0.065491
0.002808
0.003845
0.023132
0.048523
0.014893
0.018066
0.019287
0.014587
0.031189
0.000732
0.107178
0.033203
0.076416
0.121277
0.057495
0.038391
0.000916
0.031677
0.014709
0.187500
0.002075
0.000427
0.020569
0.247498
0.159180
0.000061
0.089722
0.028748
0.265930
0.130249
0.000366
0.005859
0.062073
0.055359
0.005859
0.007263
0.004761
0.000244
0.020935
0.009094
0.040894
0.002502
0.172913
0.002319
0.169128
0.023804
0.093445
0.012756
0.212585
0.000122
0.010193
0.079224
0.141418
0.198669
0.157471
0.110840
0.046997
0.011841
0.396973
0.079102
0.086914
0.244751
0.004944
0.383850
0.052429
0.174316
0.118835
0.213318
0.413330
0.000488
0.034668
0.000244
0.231934
0.018311
0.006226
0.015808
0.008179
0.016602
0.036255
0.009155
0.002197
0.002319
0.000916
0.002686
0.031738
0.008423
0.072876
0.008423
0.001221
0.007080
0.157410
0.012939
0.003174
0.123108
0.092041
0.035522
0.179626
0.011353
0.076050
0.152649
0.000732
0.139587
0.424866
0.004150
0.114136
0.093750
0.350342
0.333923
0.071533
0.164185
0.056519
0.123291
0.338989
0.019836
0.082886
0.078918
0.082153
0.084106
0.002563
0.003479
0.015564
0.079956
0.000061
0.011292
0.012390
0.001038
0.116821
0.082581
0.058594
0.000671
0.406555
0.003967
0.032104
0.050720
0.163818
0.287354
0.004395
0.024231
0.051758
0.325562
0.284851
0.090149
0.148193
0.008179
0.213257
0.348633
0.000000
0.142212
0.001465
0.169739
0.021667
0.028625
0.011353
0.097046
0.030823
0.010132
0.009277
0.126221
0.110962
0.068604
0.030579
0.163452
0.302246
0.148621
0.013733
0.000244
0.199463
0.154907
0.041443
0.048889
0.008179
0.179382
0.260376
0.128906
0.068909
0.000671
0.114746
0.312134
0.009766
0.000488
0.008972
0.145935
